[gd_scene load_steps=3 format=3 uid="uid://main"]

[ext_resource type="Script" path="res://scripts/Main.gd" id="1_main"]
[ext_resource type="Script" path="res://scripts/CameraRig.gd" id="2_cam"]

[node name="Main" type="Node3D"]
script = ExtResource("1_main")
castle_id = "krak"

[node name="WorldEnvironment" type="WorldEnvironment" parent="."]

[node name="Sun" type="DirectionalLight3D" parent="."]
transform = Transform3D(0.707, -0.5, 0.5, 0, 0.707, 0.707, -0.707, -0.5, 0.5, 0, 20, 0)
light_color = Color(1, 0.95, 0.85, 1)
light_energy = 1.8
shadow_enabled = true

[node name="AmbientFill" type="DirectionalLight3D" parent="."]
transform = Transform3D(0.707, 0.5, -0.5, 0, 0.707, 0.707, 0.707, -0.5, 0.5, 0, 10, 0)
light_color = Color(0.6, 0.7, 0.9, 1)
light_energy = 0.4
shadow_enabled = false

[node name="Ground" type="MeshInstance3D" parent="."]
transform = Transform3D(1, 0, 0, 0, 1, 0, 0, 0, 1, 0, -0.01, 0)

[node name="CastleRoot" type="Node3D" parent="."]

[node name="CameraRig" type="Node3D" parent="."]
script = ExtResource("2_cam")

[node name="Camera3D" type="Camera3D" parent="CameraRig"]
transform = Transform3D(1, 0, 0, 0, 0.866, 0.5, 0, -0.5, 0.866, 0, 18, 35)
fov = 52.0
near = 0.1
far = 2000.0

[node name="UI" type="CanvasLayer" parent="."]

[node name="InfoPanel" type="Panel" parent="UI"]
anchors_preset = 3
anchor_left = 1.0
anchor_top = 0.0
anchor_right = 1.0
anchor_bottom = 0.0
offset_left = -320.0
offset_top = 16.0
offset_right = -16.0
offset_bottom = 200.0
